12.890625
25.78125
64.453125
116.015625
154.6875
193.359375
219.140625
257.8125
283.59375
322.265625
360.9375
386.71875
425.390625
451.171875
476.953125
515.625
541.40625
567.1875
592.96875
644.53125
657.421875
696.09375
721.875
760.546875
773.4375
799.21875
837.890625
863.671875
889.453125
902.34375
928.125
953.90625
979.6875
1005.46875
1031.25
1057.03125
1069.921875
1095.703125
1147.265625
1160.15625
1173.046875
1198.828125
1211.71875
1250.390625
1263.28125
1301.953125
1314.84375
1327.734375
1340.625
1366.40625
1379.296875
1405.078125
1430.859375
1430.859375
1469.53125
1495.3125
1508.203125
1533.984375
1559.765625
1559.765625
1572.65625
1598.4375
1611.328125
1637.109375
1662.890625
1675.78125
1688.671875
1727.34375
1714.453125
1740.234375
1766.015625
1778.90625
1804.6875
1817.578125
1817.578125
1830.46875
1843.359375
1869.140625
1882.03125
1894.921875
1894.921875
1907.8125
1946.484375
1946.484375
1972.265625
1985.15625
1972.265625
2010.9375
2023.828125
2036.71875
2049.609375
2049.609375
2049.609375
2075.390625
2101.171875
2114.0625
2114.0625
2139.84375
2139.84375
2152.734375
2165.625
2178.515625
2191.40625
2204.296875
2204.296875
2217.1875
2242.96875
2255.859375
2268.75
2268.75
2268.75
2294.53125
2281.640625
2307.421875
2320.3125
2307.421875
2333.203125
2333.203125
2358.984375
2358.984375
2358.984375
2371.875
2397.65625
2397.65625
2410.546875
2423.4375
2410.546875
2436.328125
2423.4375
2475.0
2475.0
2475.0
2475.0
2487.890625
2487.890625
2487.890625
2500.78125
2513.671875
2513.671875
2513.671875
2513.671875
2526.5625
2552.34375
2539.453125
2565.234375
2565.234375
2565.234375
2578.125
2591.015625
2578.125
2591.015625
2603.90625
2591.015625
2629.6875
2616.796875
2616.796875
2629.6875
2642.578125
2655.46875
2642.578125
2668.359375
2681.25
2668.359375
2668.359375
2681.25
2694.140625
2694.140625
2707.03125
2681.25
2719.921875
2719.921875
2719.921875
2707.03125
2719.921875
2745.703125
2758.59375
2758.59375
2745.703125
2745.703125
2745.703125
2745.703125
2771.484375
2758.59375
2758.59375
2784.375
2784.375
2784.375
2797.265625
2784.375
2784.375
2810.15625
2810.15625
2835.9375
2810.15625
2823.046875
2810.15625
2823.046875
2848.828125
2848.828125
2835.9375
2835.9375
2835.9375
2848.828125
2861.71875
2848.828125
2848.828125
2861.71875
2848.828125
2861.71875
2887.5
2887.5
2874.609375
2887.5
2887.5
2900.390625
2887.5
2900.390625
2913.28125
2887.5
2913.28125
2900.390625
2913.28125
2913.28125
2913.28125
2926.171875
2939.0625
2939.0625
2926.171875
2926.171875
2939.0625
2926.171875
2939.0625
2926.171875
2926.171875
2951.953125
2939.0625
2951.953125
2964.84375
2951.953125
2939.0625
2951.953125
2964.84375
2951.953125
2964.84375
2951.953125
2951.953125
2977.734375
2951.953125
2990.625
2977.734375
2964.84375
2990.625
2964.84375
2990.625
2990.625
2977.734375
2977.734375
2977.734375
2990.625
3003.515625
3003.515625
2977.734375
3016.40625
3003.515625
3003.515625
3016.40625
3016.40625
2990.625
3016.40625
3029.296875
3016.40625
3016.40625
3016.40625
3029.296875
3016.40625
3029.296875
3003.515625
3042.1875
3003.515625
2990.625
2951.953125
2900.390625
2900.390625
2861.71875
2810.15625
2797.265625
2771.484375
2732.8125
2694.140625
2668.359375
2629.6875
2603.90625
2578.125
2552.34375
2526.5625
2500.78125
2475.0
2449.21875
2423.4375
2384.765625
2358.984375
2333.203125
2307.421875
2281.640625
2242.96875
2230.078125
2191.40625
2165.625
2139.84375
2126.953125
2101.171875
2049.609375
2036.71875
2010.9375
2010.9375
1972.265625
1972.265625
1959.375
1894.921875
1907.8125
1869.140625
1856.25
1843.359375
1804.6875
1804.6875
1778.90625
1740.234375
1714.453125
1714.453125
1688.671875
1675.78125
1662.890625
1637.109375
1598.4375
1598.4375
1559.765625
1546.875
1559.765625
1546.875
1508.203125
1482.421875
1495.3125
1469.53125
1443.75
1443.75
1417.96875
1392.1875
1379.296875
1366.40625
1353.515625
1340.625
1301.953125
1301.953125
1276.171875
1263.28125
1263.28125
1237.5
1237.5
1211.71875
1198.828125
1185.9375
1147.265625
1173.046875
1147.265625
1134.375
1121.484375
1095.703125
1108.59375
1082.8125
1069.921875
1057.03125
1044.140625
1031.25
1018.359375
1005.46875
1018.359375
1005.46875
992.578125
979.6875
953.90625
941.015625
941.015625
915.234375
941.015625
915.234375
889.453125
876.5625
876.5625
863.671875
850.78125
850.78125
825.0
812.109375
812.109375
812.109375
812.109375
786.328125
786.328125
786.328125
760.546875
747.65625
760.546875
734.765625
747.65625
747.65625
708.984375
696.09375
696.09375
683.203125
683.203125
670.3125
670.3125
644.53125
631.640625
631.640625
631.640625
631.640625
618.75
618.75
618.75
605.859375
618.75
592.96875
592.96875
592.96875
567.1875
554.296875
554.296875
567.1875
554.296875
528.515625
528.515625
541.40625
515.625
515.625
502.734375
502.734375
515.625
476.953125
489.84375
489.84375
476.953125
464.0625
464.0625
464.0625
464.0625
438.28125
451.171875
438.28125
451.171875
425.390625
425.390625
412.5
399.609375
412.5
412.5
399.609375
386.71875
386.71875
399.609375
386.71875
360.9375
373.828125
373.828125
373.828125
373.828125
360.9375
373.828125
348.046875
360.9375
335.15625
335.15625
335.15625
348.046875
335.15625
309.375
309.375
322.265625
335.15625
322.265625
322.265625
309.375
296.484375
309.375
309.375
283.59375
296.484375
270.703125
283.59375
283.59375
270.703125
244.921875
270.703125
270.703125
244.921875
257.8125
270.703125
244.921875
257.8125
244.921875
244.921875
257.8125
257.8125
244.921875
232.03125
244.921875
244.921875
219.140625
232.03125
219.140625
232.03125
219.140625
232.03125
219.140625
219.140625
219.140625
193.359375
206.25
206.25
206.25
206.25
193.359375
193.359375
193.359375
193.359375
180.46875
193.359375
180.46875
193.359375
180.46875
193.359375
167.578125
167.578125
180.46875
180.46875
180.46875
154.6875
180.46875
167.578125
167.578125
167.578125
154.6875
154.6875
167.578125
167.578125
154.6875
154.6875
154.6875
141.796875
141.796875
141.796875
141.796875
154.6875
154.6875
141.796875
128.90625
141.796875
128.90625
128.90625
141.796875
128.90625
128.90625
128.90625
116.015625
103.125
128.90625
116.015625
128.90625
116.015625
128.90625
116.015625
116.015625
116.015625
103.125
116.015625
103.125
116.015625
103.125
90.234375
103.125
103.125
103.125
116.015625
103.125
116.015625
116.015625
103.125
103.125
90.234375
90.234375
103.125
103.125
90.234375
90.234375
103.125
103.125
77.34375
77.34375
90.234375
77.34375
90.234375
77.34375
90.234375
90.234375
77.34375
90.234375
77.34375
90.234375
77.34375
64.453125